%YAML:1.0
---
calibration_time: "Sat 11 Mar 2023 11:02:31 AM PST"
image_width: 640
image_height: 480
flags: 0
camera_matrix: !!opencv-matrix
   rows: 3
   cols: 3
   dt: d
   data: [ 8.2417975082537896e+02, 0., 4.0111449672162979e+02, 0.,
       8.2380738446728685e+02, 2.3761581971438312e+02, 0., 0., 1. ]
distortion_coefficients: !!opencv-matrix
   rows: 1
   cols: 5
   dt: d
   data: [ -1.8811468257330730e-01, 2.9568497195257049e+00,
       -3.2488824580539585e-04, 1.4020355903674144e-02,
       -9.4190339442265820e+00 ]
avg_reprojection_error: 1.1450912757468052e+00
